0	47
47	0
1	2
2	1
1	3
3	1
1	12
12	1
1	17
17	1
1	29
29	1
1	31
31	1
1	37
37	1
1	38
38	1
1	51
51	1
1	53
53	1
1	56
56	1
1	58
58	1
1	66
66	1
1	70
70	1
2	3
3	2
2	17
17	2
2	21
21	2
2	23
23	2
2	35
35	2
2	38
38	2
2	39
39	2
2	46
46	2
2	53
53	2
2	60
60	2
2	70
70	2
3	6
6	3
3	14
14	3
3	17
17	3
3	20
20	3
3	21
21	3
3	23
23	3
3	24
24	3
3	34
34	3
3	38
38	3
3	39
39	3
3	43
43	3
3	46
46	3
3	49
49	3
3	51
51	3
3	53
53	3
3	58
58	3
3	60
60	3
3	64
64	3
3	70
70	3
5	13
13	5
5	21
21	5
5	31
31	5
5	43
43	5
5	54
54	5
5	55
55	5
5	68
68	5
5	74
74	5
5	75
75	5
5	76
76	5
5	77
77	5
5	78
78	5
5	79
79	5
6	14
14	6
6	17
17	6
6	18
18	6
6	21
21	6
6	29
29	6
6	30
30	6
6	31
31	6
6	34
34	6
6	38
38	6
6	39
39	6
6	40
40	6
6	47
47	6
6	49
49	6
6	51
51	6
6	53
53	6
6	56
56	6
6	58
58	6
6	59
59	6
6	64
64	6
7	9
9	7
7	11
11	7
7	12
12	7
7	26
26	7
7	32
32	7
7	33
33	7
7	36
36	7
7	37
37	7
7	41
41	7
7	46
46	7
7	63
63	7
7	66
66	7
7	70
70	7
8	28
28	8
8	65
65	8
9	11
11	9
9	12
12	9
9	19
19	9
9	32
32	9
9	36
36	9
9	37
37	9
9	41
41	9
9	53
53	9
9	58
58	9
9	63
63	9
9	66
66	9
10	24
24	10
10	42
42	10
11	12
12	11
11	32
32	11
11	36
36	11
11	37
37	11
11	41
41	11
11	53
53	11
11	63
63	11
11	66
66	11
12	32
32	12
12	36
36	12
12	37
37	12
12	41
41	12
12	53
53	12
12	63
63	12
12	66
66	12
13	16
16	13
13	21
21	13
13	28
28	13
13	43
43	13
13	54
54	13
13	55
55	13
13	76
76	13
13	77
77	13
14	16
16	14
14	17
17	14
14	18
18	14
14	19
19	14
14	23
23	14
14	24
24	14
14	31
31	14
14	34
34	14
14	38
38	14
14	39
39	14
14	46
46	14
14	49
49	14
14	51
51	14
14	53
53	14
14	58
58	14
14	64
64	14
14	73
73	14
15	57
57	15
15	74
74	15
15	75
75	15
15	76
76	15
16	17
17	16
16	18
18	16
16	19
19	16
16	23
23	16
16	24
24	16
16	26
26	16
16	28
28	16
16	38
38	16
16	39
39	16
16	46
46	16
16	50
50	16
16	51
51	16
16	53
53	16
16	58
58	16
16	64
64	16
16	70
70	16
16	78
78	16
17	18
18	17
17	20
20	17
17	21
21	17
17	23
23	17
17	24
24	17
17	28
28	17
17	35
35	17
17	38
38	17
17	39
39	17
17	46
46	17
17	49
49	17
17	51
51	17
17	53
53	17
17	58
58	17
17	60
60	17
17	64
64	17
17	70
70	17
18	19
19	18
18	21
21	18
18	23
23	18
18	31
31	18
18	34
34	18
18	35
35	18
18	38
38	18
18	39
39	18
18	46
46	18
18	49
49	18
18	51
51	18
18	53
53	18
18	58
58	18
18	59
59	18
18	60
60	18
18	64
64	18
19	38
38	19
19	39
39	19
19	53
53	19
19	58
58	19
19	64
64	19
19	70
70	19
20	25
25	20
20	26
26	20
21	27
27	21
21	29
29	21
21	31
31	21
21	34
34	21
21	38
38	21
21	39
39	21
21	43
43	21
21	46
46	21
21	49
49	21
21	53
53	21
21	55
55	21
21	56
56	21
21	58
58	21
21	59
59	21
21	64
64	21
21	68
68	21
21	76
76	21
21	77
77	21
21	78
78	21
21	79
79	21
22	72
72	22
23	24
24	23
23	26
26	23
23	35
35	23
23	38
38	23
23	39
39	23
23	46
46	23
23	50
50	23
23	51
51	23
23	53
53	23
23	58
58	23
23	60
60	23
23	64
64	23
23	70
70	23
24	38
38	24
24	39
39	24
24	46
46	24
24	51
51	24
24	53
53	24
24	58
58	24
24	64
64	24
24	70
70	24
25	26
26	25
25	73
73	25
26	39
39	26
26	46
46	26
26	50
50	26
26	51
51	26
27	51
51	27
28	38
38	28
29	30
30	29
29	31
31	29
29	34
34	29
29	40
40	29
29	56
56	29
29	59
59	29
30	31
31	30
30	40
40	30
30	56
56	30
30	59
59	30
31	34
34	31
31	39
39	31
31	56
56	31
31	58
58	31
31	59
59	31
32	36
36	32
32	37
37	32
32	41
41	32
32	45
45	32
32	63
63	32
32	66
66	32
33	62
62	33
33	71
71	33
33	72
72	33
34	39
39	34
34	40
40	34
34	49
49	34
34	56
56	34
34	58
58	34
34	59
59	34
35	38
38	35
35	39
39	35
35	46
46	35
35	53
53	35
35	70
70	35
36	37
37	36
36	41
41	36
36	58
58	36
36	63
63	36
36	66
66	36
37	41
41	37
37	45
45	37
37	53
53	37
37	63
63	37
37	66
66	37
37	69
69	37
38	39
39	38
38	46
46	38
38	49
49	38
38	51
51	38
38	53
53	38
38	58
58	38
38	60
60	38
38	64
64	38
38	70
70	38
39	46
46	39
39	49
49	39
39	51
51	39
39	53
53	39
39	58
58	39
39	60
60	39
39	64
64	39
39	70
70	39
39	73
73	39
40	56
56	40
40	59
59	40
41	45
45	41
41	53
53	41
41	63
63	41
41	66
66	41
41	69
69	41
42	47
47	42
43	54
54	43
43	55
55	43
44	62
62	44
44	72
72	44
45	63
63	45
46	51
51	46
46	53
53	46
46	58
58	46
46	60
60	46
46	64
64	46
46	65
65	46
46	66
66	46
46	70
70	46
47	76
76	47
49	51
51	49
49	58
58	49
49	64
64	49
49	73
73	49
51	53
53	51
51	58
58	51
51	60
60	51
51	64
64	51
51	70
70	51
52	61
61	52
53	58
58	53
53	63
63	53
53	64
64	53
53	66
66	53
53	70
70	53
54	55
55	54
55	68
68	55
55	74
74	55
55	75
75	55
55	76
76	55
55	77
77	55
55	78
78	55
55	79
79	55
56	59
59	56
58	60
60	58
58	64
64	58
63	66
66	63
63	69
69	63
64	70
70	64
66	69
69	66
71	72
72	71
74	75
75	74
74	76
76	74
74	77
77	74
74	78
78	74
75	76
76	75
75	77
77	75
75	78
78	75
75	79
79	75
76	77
77	76
76	78
78	76
76	79
79	76
77	78
78	77
78	79
79	78
